SIZES
  nstack                1835008
  nbuffer               445024
  nplugin               0
  maxuse_stack          1318
  maxuse_arena          35656
  maxuse_con            4
  maxuse_efc            40
  solver_iter           0
  solver_nnz            324
  nbodypair_broad       4
  nbodypair_narrow      4
  ngeompair_mid         4
  ngeompair_narrow      4
  ne                    0
  nf                    12
  nefc                  40
  nnzJ                  720
  ncon                  4

TIMER
    0:  duration =  0          number = 0
    1:  duration =  0.57       number = 12
    2:  duration =  0          number = 0
    3:  duration =  0.35       number = 12
    4:  duration =  0.032      number = 12
    5:  duration =  0.0041     number = 12
    6:  duration =  0.007      number = 12
    7:  duration =  0.17       number = 12
    8:  duration =  0.041      number = 12
    9:  duration =  0.029      number = 12
    10:  duration =  0.22       number = 12
    11:  duration =  0.054      number = 12
    12:  duration =  0.00071    number = 12

ENERGY =   0         0       

TIME =  0       

QPOS
   0       
   0       
   0.45    
   1       
   0       
   0       
   0       
   0       
   0       
   0       
   0       
   0       
   0       
   0       
   0       
   0       
   0       
   0       
   0       

QVEL
   0       
   0       
   0       
   0       
   0       
   0       
   0       
   0       
   0       
   0       
   0       
   0       
   0       
   0       
   0       
   0       
   0       
   0       

QACC_WARMSTART
   0.28    
   0.0026  
  -8.8     
   0.45    
   97      
   0.15    
  -34      
   7.7e+02 
  -2.8e+03 
   33      
   7.7e+02 
  -2.8e+03 
   27      
   7.6e+02 
  -2.8e+03 
  -28      
   7.6e+02 
  -2.8e+03 

CTRL
   0       
   0       
   0       
   0       
   0       
   0       
   0       
   0       
   0       
   0       
   0       
   0       

QFRC_APPLIED
   0       
   0       
   0       
   0       
   0       
   0       
   0       
   0       
   0       
   0       
   0       
   0       
   0       
   0       
   0       
   0       
   0       
   0       

XFRC_APPLIED
   0         0         0         0         0         0       
   0         0         0         0         0         0       
   0         0         0         0         0         0       
   0         0         0         0         0         0       
   0         0         0         0         0         0       
   0         0         0         0         0         0       
   0         0         0         0         0         0       
   0         0         0         0         0         0       
   0         0         0         0         0         0       
   0         0         0         0         0         0       
   0         0         0         0         0         0       
   0         0         0         0         0         0       
   0         0         0         0         0         0       
   0         0         0         0         0         0       

QACC
   0.28    
   0.0026  
  -8.8     
   0.45    
   97      
   0.15    
  -34      
   7.7e+02 
  -2.8e+03 
   33      
   7.7e+02 
  -2.8e+03 
   27      
   7.6e+02 
  -2.8e+03 
  -28      
   7.6e+02 
  -2.8e+03 

XPOS
   0         0         0       
   0         0         0.45    
   0.19     -0.047     0.45    
   0.19     -0.13      0.45    
   0.19     -0.13      0.23    
   0.19      0.047     0.45    
   0.19      0.13      0.45    
   0.19      0.13      0.23    
  -0.19     -0.047     0.45    
  -0.19     -0.13      0.45    
  -0.19     -0.13      0.23    
  -0.19      0.047     0.45    
  -0.19      0.13      0.45    
  -0.19      0.13      0.23    

XQUAT
   1         0         0         0       
   1         0         0         0       
   1         0         0         0       
   1         0         0         0       
   1         0         0         0       
   1         0         0         0       
   1         0         0         0       
   1         0         0         0       
   1         0         0         0       
   1         0         0         0       
   1         0         0         0       
   1         0         0         0       
   1         0         0         0       
   1         0         0         0       

XMAT
   1         0         0         0         1         0         0         0         1       
   1         0         0         0         1         0         0         0         1       
   1         0         0         0         1         0         0         0         1       
   1         0         0         0         1         0         0         0         1       
   1         0         0         0         1         0         0         0         1       
   1         0         0         0         1         0         0         0         1       
   1         0         0         0         1         0         0         0         1       
   1         0         0         0         1         0         0         0         1       
   1         0         0         0         1         0         0         0         1       
   1         0         0         0         1         0         0         0         1       
   1         0         0         0         1         0         0         0         1       
   1         0         0         0         1         0         0         0         1       
   1         0         0         0         1         0         0         0         1       
   1         0         0         0         1         0         0         0         1       

XIPOS
   0         0         0       
   0.022     0.002     0.44    
   0.18     -0.079     0.44    
   0.19     -0.11      0.41    
   0.19     -0.13      0.086   
   0.18      0.078     0.44    
   0.19      0.11      0.41    
   0.19      0.13      0.086   
  -0.18     -0.069     0.44    
  -0.19     -0.11      0.41    
  -0.18     -0.13      0.086   
  -0.18      0.069     0.45    
  -0.19      0.11      0.41    
  -0.18      0.13      0.086   

XIMAT
   1         0         0         0         1         0         0         0         1       
  -0.0054    0.005     1        -0.0047   -1         0.005     1        -0.0047    0.0054  
   0.9       3.4e-05   0.44      0.44      2.5e-05  -0.9      -4.2e-05   1         7.1e-06 
  -0.15     -0.99      0.06      0.98     -0.14      0.15     -0.14      0.081     0.99    
  -0.044    -1         0.012     1        -0.044     0.0024   -0.0019    0.012     1       
   0.92      2e-05    -0.39     -0.39     -2.2e-05  -0.92     -2.7e-05   1        -1.2e-05 
   0.15     -0.99      0.06      0.98      0.14     -0.15      0.14      0.081     0.99    
  -0.044    -1         0.012     1        -0.044     0.0024   -0.0019    0.012     1       
   0.97     -0.0002   -0.25     -0.25      5.9e-05  -0.97      0.00021   1         8.1e-06 
  -0.15     -0.99      0.06      0.98     -0.14      0.15     -0.14      0.081     0.99    
  -0.044    -1         0.012     1        -0.044     0.0024   -0.0019    0.012     1       
   0.97      0.0002    0.25      0.25      5.9e-05  -0.97     -0.00021   1         8.1e-06 
   0.15     -0.99      0.06      0.98      0.14     -0.15      0.14      0.081     0.99    
  -0.044    -1         0.012     1        -0.044     0.0024   -0.0019    0.012     1       

XANCHOR
   0         0         0.45    
   0.19     -0.047     0.45    
   0.19     -0.13      0.45    
   0.19     -0.13      0.23    
   0.19      0.047     0.45    
   0.19      0.13      0.45    
   0.19      0.13      0.23    
  -0.19     -0.047     0.45    
  -0.19     -0.13      0.45    
  -0.19     -0.13      0.23    
  -0.19      0.047     0.45    
  -0.19      0.13      0.45    
  -0.19      0.13      0.23    

XAXIS
   0         0         1       
   1         0         0       
   0         1         0       
   0         1         0       
   1         0         0       
   0         1         0       
   0         1         0       
   1         0         0       
   0         1         0       
   0         1         0       
   1         0         0       
   0         1         0       
   0         1         0       

GEOM_XPOS
   0         0         0       
   0.065    -1.8e-07   0.45    
   0         0         0.45    
   0        -0.04      0.45    
   0         0.04      0.45    
   0.25      0         0.45    
   0.25      0.06      0.43    
   0.25     -0.06      0.43    
   0.25      0         0.4     
   0.26      0         0.48    
   0.18     -0.049     0.44    
   0.19     -0.092     0.45    
   0.19     -0.11      0.45    
   0.18     -0.1       0.4     
   0.17     -0.13      0.36    
   0.18     -0.13      0.4     
   0.18     -0.13      0.27    
   0.19     -0.13      0.11    
   0.2      -0.13      0.17    
   0.2      -0.13      0.067   
   0.19     -0.13      0.019   
   0.18      0.045     0.44    
   0.19      0.092     0.45    
   0.19      0.11      0.45    
   0.18      0.1       0.4     
   0.17      0.13      0.36    
   0.18      0.13      0.4     
   0.18      0.13      0.27    
   0.19      0.13      0.11    
   0.2       0.13      0.17    
   0.2       0.13      0.067   
   0.19      0.13      0.019   
  -0.18     -0.045     0.44    
  -0.19     -0.092     0.45    
  -0.19     -0.11      0.45    
  -0.19     -0.047     0.45    
  -0.19     -0.1       0.4     
  -0.21     -0.13      0.36    
  -0.2      -0.13      0.4     
  -0.2      -0.13      0.27    
  -0.18     -0.13      0.11    
  -0.18     -0.13      0.17    
  -0.18     -0.13      0.067   
  -0.19     -0.13      0.019   
  -0.18      0.045     0.45    
  -0.19      0.092     0.45    
  -0.19      0.11      0.45    
  -0.19      0.047     0.45    
  -0.19      0.1       0.4     
  -0.21      0.13      0.36    
  -0.2       0.13      0.4     
  -0.2       0.13      0.27    
  -0.18      0.13      0.11    
  -0.18      0.13      0.17    
  -0.18      0.13      0.067   
  -0.19      0.13      0.019   

GEOM_XMAT
   1         0         0         0         1         0         0         0         1       
  -0.014     3.6e-06   1         9.7e-17  -1         3.6e-06   1         5.2e-08   0.014   
   1         0         0         0         1         0         0         0         1       
   0         0         1         0         1         0        -1         0         0       
   0         0         1         0         1         0        -1         0         0       
   1         0         0         0         1         0         0         0         1       
   1         0         0         0         1         0         0         0         1       
   1         0         0         0         1         0         0         0         1       
   1         0         0         0         0        -1         0         1         0       
   1         0         0         0         0        -1         0         1         0       
  -0.0086   -1         9.4e-05   1        -0.0086    7.8e-06  -7e-06     9.4e-05   1       
   1         0         0         0         0        -1         0         1         0       
   1         0         0         0         0        -1         0         1         0       
  -0.34     -0.94      0.057     0.93     -0.33      0.19     -0.16      0.12      0.98    
   1         0         0         0         1         0         0         0         1       
   0.98      0         0.2       0         1         0        -0.2       0         0.98    
   0.89     -0        -0.45      0         1        -0         0.45      0         0.89    
  -1.4e-05  -1        -0.012     1        -1.3e-05  -1.4e-05   1.4e-05  -0.012     1       
   0.99     -0        -0.15      0         1        -0         0.15      0         0.99    
   0.96      0         0.27      0         1         0        -0.27      0         0.96    
   1         0         0         0         1         0         0         0         1       
  -0.0086   -1         9.4e-05   1        -0.0086    7.8e-06  -7e-06     9.4e-05   1       
   1         0         0         0         0        -1         0         1         0       
   1         0         0         0         0        -1         0         1         0       
   0.31     -0.95      0.05      0.94      0.29     -0.17      0.15      0.1       0.98    
   1         0         0         0         1         0         0         0         1       
   0.98      0         0.2       0         1         0        -0.2       0         0.98    
   0.89     -0        -0.45      0         1        -0         0.45      0         0.89    
  -1.4e-05  -1        -0.012     1        -1.3e-05  -1.4e-05   1.4e-05  -0.012     1       
   0.99     -0        -0.15      0         1        -0         0.15      0         0.99    
   0.96      0         0.27      0         1         0        -0.27      0         0.96    
   1         0         0         0         1         0         0         0         1       
   0.0086    1        -9.4e-05  -1         0.0086   -7.8e-06  -7e-06     9.4e-05   1       
   1         0         0         0         0        -1         0         1         0       
   1         0         0         0         0        -1         0         1         0       
   1         0         0         0         0        -1         0         1         0       
  -0.34     -0.94      0.057     0.93     -0.33      0.19     -0.16      0.12      0.98    
   1         0         0         0         1         0         0         0         1       
   0.98      0         0.2       0         1         0        -0.2       0         0.98    
   0.89     -0        -0.45      0         1        -0         0.45      0         0.89    
  -1.4e-05  -1        -0.012     1        -1.3e-05  -1.4e-05   1.4e-05  -0.012     1       
   0.99     -0        -0.15      0         1        -0         0.15      0         0.99    
   0.96      0         0.27      0         1         0        -0.27      0         0.96    
   1         0         0         0         1         0         0         0         1       
   0.0086    1        -9.4e-05   1        -0.0086    7.8e-06   7e-06    -9.4e-05  -1       
   1         0         0         0         0        -1         0         1         0       
   1         0         0         0         0        -1         0         1         0       
   1         0         0         0         0        -1         0         1         0       
   0.31     -0.95      0.05      0.94      0.29     -0.17      0.15      0.1       0.98    
   1         0         0         0         1         0         0         0         1       
   0.98      0         0.2       0         1         0        -0.2       0         0.98    
   0.89     -0        -0.45      0         1        -0         0.45      0         0.89    
  -1.4e-05  -1        -0.012     1        -1.3e-05  -1.4e-05   1.4e-05  -0.012     1       
   0.99     -0        -0.15      0         1        -0         0.15      0         0.99    
   0.96      0         0.27      0         1         0        -0.27      0         0.96    
   1         0         0         0         1         0         0         0         1       

SITE_XPOS
   0.3       0         0.45    
   0         0         0.45    
   0.19     -0.13      0.019   
   0.19      0.13      0.019   
  -0.19     -0.13      0.019   
  -0.19      0.13      0.019   

SITE_XMAT
   1         0         0         0         1         0         0         0         1       
   1         0         0         0         1         0         0         0         1       
   1         0         0         0         1         0         0         0         1       
   1         0         0         0         1         0         0         0         1       
   1         0         0         0         1         0         0         0         1       
   1         0         0         0         1         0         0         0         1       

CAM_XPOS
   0        -1         1.2     

CAM_XMAT
   1         0         0         0         0.71     -0.71      0         0.71      0.71    

LIGHT_XPOS
   0        -1         2       
   0         0         1.5     

LIGHT_XDIR
   0.00029   0.53     -0.85    
   0         0        -1       

SUBTREE_COM
   0.00054   0.00079   0.41    
   0.00054   0.00079   0.41    
   0.19     -0.1       0.39    
   0.19     -0.11      0.36    
   0.19     -0.13      0.086   
   0.19      0.099     0.39    
   0.19      0.11      0.36    
   0.19      0.13      0.086   
  -0.19     -0.093     0.4     
  -0.19     -0.11      0.36    
  -0.18     -0.13      0.086   
  -0.19      0.093     0.4     
  -0.19      0.11      0.36    
  -0.18      0.13      0.086   

CDOF
   0         0         0         1         0         0       
   0         0         0         0         1         0       
   0         0         0         0         0         1       
   1         0         0        -0         0.031     0.00079 
   0         1         0        -0.031     0        -0.00054 
   0         0         1        -0.00079   0.00054   0       
   1         0         0        -0         0.031     0.048   
   0         1         0        -0.031     0         0.19    
   0         1         0         0.18     -0         0.19    
   1         0         0         0         0.031    -0.046   
   0         1         0        -0.031     0         0.19    
   0         1         0         0.18     -0         0.19    
   1         0         0        -0         0.031     0.048   
   0         1         0        -0.031     0        -0.19    
   0         1         0         0.18      0        -0.19    
   1         0         0         0         0.031    -0.046   
   0         1         0        -0.031     0        -0.19    
   0         1         0         0.18      0        -0.19    

CINERT
   0         0         0         0         0         0         0         0         0         0       
   0.022     0.07      0.074    -0.00037  -0.0038   -0.00023   0.11      0.0063    0.16      5.2     
   0.0054    0.022     0.026     0.0092   -0.0036    0.0016    0.11     -0.05      0.019     0.63    
   0.016     0.039     0.047     0.02     -0.00035  -0.00054   0.19     -0.11      0.00069   1       
   0.026     0.03      0.01      0.0048    0.012    -0.0081    0.038    -0.025    -0.064     0.2     
   0.0052    0.022     0.025    -0.0089   -0.0036   -0.0015    0.11      0.048     0.019     0.63    
   0.016     0.039     0.047    -0.02     -0.00035   0.00054   0.19      0.11      0.00069   1       
   0.026     0.03      0.01     -0.0048    0.012     0.0082    0.038     0.025    -0.064     0.2     
   0.0063    0.032     0.036    -0.012     0.0051    0.0019   -0.16     -0.062     0.028     0.89    
   0.016     0.042     0.05     -0.021    -9.5e-05  -0.00054  -0.19     -0.11      0.00069   1       
   0.026     0.029     0.0098   -0.0046   -0.012    -0.0081   -0.036    -0.025    -0.064     0.2     
   0.0061    0.032     0.036     0.011     0.0051   -0.0019   -0.16      0.06      0.028     0.89    
   0.016     0.042     0.049     0.021    -9.5e-05   0.00054  -0.19      0.11      0.00069   1       
   0.026     0.029     0.0098    0.0046   -0.012     0.0082   -0.036     0.025    -0.064     0.2     

ACTUATOR_LENGTH
   0       
   0       
   0       
   0       
   0       
   0       
   0       
   0       
   0       
   0       
   0       
   0       

ACTUATOR_MOMENT
   0         0         0         0         0         0         1         0         0         0         0         0         0         0         0         0         0         0       
   0         0         0         0         0         0         0         1         0         0         0         0         0         0         0         0         0         0       
   0         0         0         0         0         0         0         0         1         0         0         0         0         0         0         0         0         0       
   0         0         0         0         0         0         0         0         0         1         0         0         0         0         0         0         0         0       
   0         0         0         0         0         0         0         0         0         0         1         0         0         0         0         0         0         0       
   0         0         0         0         0         0         0         0         0         0         0         1         0         0         0         0         0         0       
   0         0         0         0         0         0         0         0         0         0         0         0         1         0         0         0         0         0       
   0         0         0         0         0         0         0         0         0         0         0         0         0         1         0         0         0         0       
   0         0         0         0         0         0         0         0         0         0         0         0         0         0         1         0         0         0       
   0         0         0         0         0         0         0         0         0         0         0         0         0         0         0         1         0         0       
   0         0         0         0         0         0         0         0         0         0         0         0         0         0         0         0         1         0       
   0         0         0         0         0         0         0         0         0         0         0         0         0         0         0         0         0         1       

CRB
   0         0         0         0         0         0         0         0         0         0       
   0.21      0.46      0.43     -0.00032  -0.0006   -9.8e-05   2.2e-16   8.3e-17   1.3e-15   13      
   0.047     0.091     0.083     0.034     0.0084   -0.0071    0.34     -0.18     -0.044     1.8     
   0.042     0.069     0.057     0.025     0.012    -0.0087    0.22     -0.13     -0.064     1.2     
   0.026     0.03      0.01      0.0048    0.012    -0.0081    0.038    -0.025    -0.064     0.2     
   0.047     0.091     0.082    -0.033     0.0084    0.0072    0.34      0.18     -0.044     1.8     
   0.042     0.069     0.057    -0.025     0.012     0.0087    0.22      0.13     -0.064     1.2     
   0.026     0.03      0.01     -0.0048    0.012     0.0082    0.038     0.025    -0.064     0.2     
   0.048     0.1       0.096    -0.037    -0.0068   -0.0067   -0.39     -0.2      -0.036     2.1     
   0.042     0.071     0.06     -0.026    -0.012    -0.0087   -0.23     -0.13     -0.064     1.2     
   0.026     0.029     0.0098   -0.0046   -0.012    -0.0081   -0.036    -0.025    -0.064     0.2     
   0.048     0.1       0.095     0.037    -0.0068    0.0068   -0.39      0.19     -0.036     2.1     
   0.042     0.071     0.059     0.025    -0.012     0.0087   -0.23      0.13     -0.064     1.2     
   0.026     0.029     0.0098    0.0046   -0.012     0.0082   -0.036     0.025    -0.064     0.2     

QM
   13        0         0         0        -0.41     -0.01      0        -0.1      -0.029     0        -0.1      -0.029     0        -0.1      -0.029     0        -0.1      -0.029   
   0         13        0         0.41      0         0.0071    0.1       0         0         0.1       0         0         0.1       0         0         0.1       0         0       
   0         0         13        0.01     -0.0071    0        -0.097     0.0022   -0.00084   0.096     0.0022   -0.00084  -0.096     0.0022   -0.00084   0.096     0.0022   -0.00084 
   0         0.41      0.01      0.23     -0.00032  -0.00038   0.043    -0.00029   0.00011   0.043     0.00028  -0.00011   0.043    -0.00029   0.00011   0.043     0.00028  -0.00011 
  -0.41      0        -0.0071   -0.00032   0.47      0.00022   0.018     0.032     0.012    -0.018     0.032     0.012    -0.018     0.033     0.012     0.018     0.033     0.012   
  -0.01      0.0071    0        -0.00038   0.00022   0.43      0.019    -0.013    -0.0036    0.019     0.013     0.0037   -0.019    -0.013    -0.0036   -0.019     0.013     0.0037  
   0         0.1      -0.097     0.043     0.018     0.019     0.049    -0.00018   6.6e-05   0         0         0         0         0         0         0         0         0       
  -0.1       0         0.0022   -0.00029   0.032    -0.013    -0.00018   0.042     0.012     0         0         0         0         0         0         0         0         0       
  -0.029     0        -0.00084   0.00011   0.012    -0.0036    6.6e-05   0.012     0.016     0         0         0         0         0         0         0         0         0       
   0         0.1       0.096     0.043    -0.018     0.019     0         0         0         0.049     0.00018  -6.9e-05   0         0         0         0         0         0       
  -0.1       0         0.0022    0.00028   0.032     0.013     0         0         0         0.00018   0.042     0.012     0         0         0         0         0         0       
  -0.029     0        -0.00084  -0.00011   0.012     0.0037    0         0         0        -6.9e-05   0.012     0.016     0         0         0         0         0         0       
   0         0.1      -0.096     0.043    -0.018    -0.019     0         0         0         0         0         0         0.049    -0.00018   6.6e-05   0         0         0       
  -0.1       0         0.0022   -0.00029   0.033    -0.013     0         0         0         0         0         0        -0.00018   0.042     0.012     0         0         0       
  -0.029     0        -0.00084   0.00011   0.012    -0.0036    0         0         0         0         0         0         6.6e-05   0.012     0.016     0         0         0       
   0         0.1       0.096     0.043     0.018    -0.019     0         0         0         0         0         0         0         0         0         0.049     0.00018  -6.9e-05 
  -0.1       0         0.0022    0.00028   0.033     0.013     0         0         0         0         0         0         0         0         0         0.00018   0.042     0.012   
  -0.029     0        -0.00084  -0.00011   0.012     0.0037    0         0         0         0         0         0         0         0         0        -6.9e-05   0.012     0.016   

QLD
   12        2e-05     0.0012   -0.002    -0.28     -0.025    -0.0088   -2.4      -1.8       0.0087   -2.4      -1.8      -0.0088   -2.4      -1.8       0.0086   -2.4      -1.8     
   2e-05     12       -0.00051   0.67     -0.00088   0.02      2.1       0         0         2.1       0         0         2.1       0         0         2.1       0         0       
   0.0012   -0.00051   12        0.14     -0.036     0.00083  -2         0.085    -0.054     2         0.085    -0.054    -2         0.085    -0.054     2         0.085    -0.054   
  -0.002     0.67      0.14      0.072    -0.0013   -0.001     0.89     -0.011     0.0067    0.89      0.011    -0.0069    0.89     -0.011     0.0067    0.89      0.011    -0.0069  
  -0.28     -0.00088  -0.036    -0.0013    0.34      1.2e-06   0.37      0.69      0.76     -0.37      0.69      0.76     -0.37      0.72      0.74      0.37      0.72      0.74    
  -0.025     0.02      0.00083  -0.001     1.2e-06   0.39      0.39     -0.3      -0.23      0.39      0.3       0.23     -0.39     -0.3      -0.23     -0.39      0.3       0.23    
  -0.0088    2.1      -2         0.89      0.37      0.39      0.049    -0.0069    0.0042    0         0         0         0         0         0         0         0         0       
  -2.4       0         0.085    -0.011     0.69     -0.3      -0.0069    0.034     0.75      0         0         0         0         0         0         0         0         0       
  -1.8       0        -0.054     0.0067    0.76     -0.23      0.0042    0.75      0.016     0         0         0         0         0         0         0         0         0       
   0.0087    2.1       2         0.89     -0.37      0.39      0         0         0         0.049     0.0069   -0.0044    0         0         0         0         0         0       
  -2.4       0         0.085     0.011     0.69      0.3       0         0         0         0.0069    0.034     0.75      0         0         0         0         0         0       
  -1.8       0        -0.054    -0.0069    0.76      0.23      0         0         0        -0.0044    0.75      0.016     0         0         0         0         0         0       
  -0.0088    2.1      -2         0.89     -0.37     -0.39      0         0         0         0         0         0         0.049    -0.0069    0.0042    0         0         0       
  -2.4       0         0.085    -0.011     0.72     -0.3       0         0         0         0         0         0        -0.0069    0.034     0.75      0         0         0       
  -1.8       0        -0.054     0.0067    0.74     -0.23      0         0         0         0         0         0         0.0042    0.75      0.016     0         0         0       
   0.0086    2.1       2         0.89      0.37     -0.39      0         0         0         0         0         0         0         0         0         0.049     0.0069   -0.0044  
  -2.4       0         0.085     0.011     0.72      0.3       0         0         0         0         0         0         0         0         0         0.0069    0.034     0.75    
  -1.8       0        -0.054    -0.0069    0.74      0.23      0         0         0         0         0         0         0         0         0        -0.0044    0.75      0.016   

QLDIAGINV
   0.083   
   0.082   
   0.081   
   14      
   2.9     
   2.6     
   21      
   30      
   64      
   21      
   30      
   64      
   20      
   30      
   64      
   20      
   30      
   64      

QLDIAGSQRTINV
   0.29    
   0.29    
   0.29    
   3.7     
   1.7     
   1.6     
   4.5     
   5.5     
   8       
   4.5     
   5.5     
   8       
   4.5     
   5.5     
   8       
   4.5     
   5.5     
   8       

D_rownnz              18 18 18 18 18 18 9 9 9 9 9 9 9 9 9 9 9 9

D_rowadr              0 18 36 54 72 90 108 117 126 135 144 153 162 171 180 189 198 207

D_colind              0 1 2 3 4 5 6 7 8 9 10 11 12 13 14 15 16 17 0 1 2 3 4 5 6 7 8 9 10 11 12 13 14 15 16 17 0 1 2 3 4 5 6 7 8 9 10 11 12 13 14 15 16 17 0 1 2 3 4 5 6 7 8 9 10 11 12 13 14 15 16 17 0 1 2 3 4 5 6 7 8 9 10 11 12 13 14 15 16 17 0 1 2 3 4 5 6 7 8 9 10 11 12 13 14 15 16 17 0 1 2 3 4 5 6 7 8 0 1 2 3 4 5 6 7 8 0 1 2 3 4 5 6 7 8 0 1 2 3 4 5 9 10 11 0 1 2 3 4 5 9 10 11 0 1 2 3 4 5 9 10 11 0 1 2 3 4 5 12 13 14 0 1 2 3 4 5 12 13 14 0 1 2 3 4 5 12 13 14 0 1 2 3 4 5 15 16 17 0 1 2 3 4 5 15 16 17 0 1 2 3 4 5 15 16 17

B_rownnz              18 18 9 9 9 9 9 9 9 9 9 9 9 9

B_rowadr              0 18 36 45 54 63 72 81 90 99 108 117 126 135

B_colind              0 1 2 3 4 5 6 7 8 9 10 11 12 13 14 15 16 17 0 1 2 3 4 5 6 7 8 9 10 11 12 13 14 15 16 17 0 1 2 3 4 5 6 7 8 0 1 2 3 4 5 6 7 8 0 1 2 3 4 5 6 7 8 0 1 2 3 4 5 9 10 11 0 1 2 3 4 5 9 10 11 0 1 2 3 4 5 9 10 11 0 1 2 3 4 5 12 13 14 0 1 2 3 4 5 12 13 14 0 1 2 3 4 5 12 13 14 0 1 2 3 4 5 15 16 17 0 1 2 3 4 5 15 16 17 0 1 2 3 4 5 15 16 17

QDERIV
   0         0         0         0         0         0         0         0         0         0         0         0         0         0         0         0         0         0       
   0         0         0         0         0         0         0         0         0         0         0         0         0         0         0         0         0         0       
   0         0         0         0         0         0         0         0         0         0         0         0         0         0         0         0         0         0       
   0         0         0         0         0         0         0         0         0         0         0         0         0         0         0         0         0         0       
   0         0         0         0         0         0         0         0         0         0         0         0         0         0         0         0         0         0       
   0         0         0         0         0         0         0         0         0         0         0         0         0         0         0         0         0         0       
   0         0         0         0         0         0         0         0         0         0         0         0         0         0         0         0         0         0       
   0         0         0         0         0         0         0         0         0         0         0         0         0         0         0         0         0         0       
   0         0         0         0         0         0         0         0         0         0         0         0         0         0         0         0         0         0       
   0         0         0         0         0         0         0         0         0         0         0         0         0         0         0         0         0         0       
   0         0         0         0         0         0         0         0         0         0         0         0         0         0         0         0         0         0       
   0         0         0         0         0         0         0         0         0         0         0         0         0         0         0         0         0         0       
   0         0         0         0         0         0         0         0         0         0         0         0         0         0         0         0         0         0       
   0         0         0         0         0         0         0         0         0         0         0         0         0         0         0         0         0         0       
   0         0         0         0         0         0         0         0         0         0         0         0         0         0         0         0         0         0       
   0         0         0         0         0         0         0         0         0         0         0         0         0         0         0         0         0         0       
   0         0         0         0         0         0         0         0         0         0         0         0         0         0         0         0         0         0       
   0         0         0         0         0         0         0         0         0         0         0         0         0         0         0         0         0         0       

QLU
   0         0         0         0         0         0         0         0         0         0         0         0         0         0         0         0         0         0       
   0         0         0         0         0         0         0         0         0         0         0         0         0         0         0         0         0         0       
   0         0         0         0         0         0         0         0         0         0         0         0         0         0         0         0         0         0       
   0         0         0         0         0         0         0         0         0         0         0         0         0         0         0         0         0         0       
   0         0         0         0         0         0         0         0         0         0         0         0         0         0         0         0         0         0       
   0         0         0         0         0         0         0         0         0         0         0         0         0         0         0         0         0         0       
   0         0         0         0         0         0         0         0         0         0         0         0         0         0         0         0         0         0       
   0         0         0         0         0         0         0         0         0         0         0         0         0         0         0         0         0         0       
   0         0         0         0         0         0         0         0         0         0         0         0         0         0         0         0         0         0       
   0         0         0         0         0         0         0         0         0         0         0         0         0         0         0         0         0         0       
   0         0         0         0         0         0         0         0         0         0         0         0         0         0         0         0         0         0       
   0         0         0         0         0         0         0         0         0         0         0         0         0         0         0         0         0         0       
   0         0         0         0         0         0         0         0         0         0         0         0         0         0         0         0         0         0       
   0         0         0         0         0         0         0         0         0         0         0         0         0         0         0         0         0         0       
   0         0         0         0         0         0         0         0         0         0         0         0         0         0         0         0         0         0       
   0         0         0         0         0         0         0         0         0         0         0         0         0         0         0         0         0         0       
   0         0         0         0         0         0         0         0         0         0         0         0         0         0         0         0         0         0       
   0         0         0         0         0         0         0         0         0         0         0         0         0         0         0         0         0         0       

CONTACT
  0:
     dim           6
     geom          floor  FR
     exclude       0
     efc_address   16
     solref         0.02      1       
     solimp         0.015     1         0.031     0.5       2       
     dist          -0.004   
     includemargin  0.001   
     pos            0.19     -0.13     -0.002   
     frame          0         0         1         0         1         0        -1         0         0       
     friction       0.8       0.8       0.02      0.01      0.01    
     mu             0.08    
  1:
     dim           6
     geom          floor  FL
     exclude       0
     efc_address   22
     solref         0.02      1       
     solimp         0.015     1         0.031     0.5       2       
     dist          -0.004   
     includemargin  0.001   
     pos            0.19      0.13     -0.002   
     frame          0         0         1         0         1         0        -1         0         0       
     friction       0.8       0.8       0.02      0.01      0.01    
     mu             0.08    
  2:
     dim           6
     geom          floor  RR
     exclude       0
     efc_address   28
     solref         0.02      1       
     solimp         0.015     1         0.031     0.5       2       
     dist          -0.004   
     includemargin  0.001   
     pos           -0.19     -0.13     -0.002   
     frame          0         0         1         0         1         0        -1         0         0       
     friction       0.8       0.8       0.02      0.01      0.01    
     mu             0.08    
  3:
     dim           6
     geom          floor  RL
     exclude       0
     efc_address   34
     solref         0.02      1       
     solimp         0.015     1         0.031     0.5       2       
     dist          -0.004   
     includemargin  0.001   
     pos           -0.19      0.13     -0.002   
     frame          0         0         1         0         1         0        -1         0         0       
     friction       0.8       0.8       0.02      0.01      0.01    
     mu             0.08    

EFC_TYPE
  1
  1
  1
  1
  1
  1
  1
  1
  1
  1
  1
  1
  3
  3
  3
  3
  7
  7
  7
  7
  7
  7
  7
  7
  7
  7
  7
  7
  7
  7
  7
  7
  7
  7
  7
  7
  7
  7
  7
  7

EFC_ID
  6
  7
  8
  9
  10
  11
  12
  13
  14
  15
  16
  17
  3
  6
  9
  12
  0
  0
  0
  0
  0
  0
  1
  1
  1
  1
  1
  1
  2
  2
  2
  2
  2
  2
  3
  3
  3
  3
  3
  3

EFC_J
   0         0         0         0         0         0         1         0         0         0         0         0         0         0         0         0         0         0       
   0         0         0         0         0         0         0         1         0         0         0         0         0         0         0         0         0         0       
   0         0         0         0         0         0         0         0         1         0         0         0         0         0         0         0         0         0       
   0         0         0         0         0         0         0         0         0         1         0         0         0         0         0         0         0         0       
   0         0         0         0         0         0         0         0         0         0         1         0         0         0         0         0         0         0       
   0         0         0         0         0         0         0         0         0         0         0         1         0         0         0         0         0         0       
   0         0         0         0         0         0         0         0         0         0         0         0         1         0         0         0         0         0       
   0         0         0         0         0         0         0         0         0         0         0         0         0         1         0         0         0         0       
   0         0         0         0         0         0         0         0         0         0         0         0         0         0         1         0         0         0       
   0         0         0         0         0         0         0         0         0         0         0         0         0         0         0         1         0         0       
   0         0         0         0         0         0         0         0         0         0         0         0         0         0         0         0         1         0       
   0         0         0         0         0         0         0         0         0         0         0         0         0         0         0         0         0         1       
   0         0         0         0         0         0         0         0        -1         0         0         0         0         0         0         0         0         0       
   0         0         0         0         0         0         0         0         0         0         0        -1         0         0         0         0         0         0       
   0         0         0         0         0         0         0         0         0         0         0         0         0         0        -1         0         0         0       
   0         0         0         0         0         0         0         0         0         0         0         0         0         0         0         0         0        -1       
   0         0         1        -0.13     -0.19      0        -0.08      0         0         0         0         0         0         0         0         0         0         0       
   0         1         0         0.45      0         0.19      0.45      0         0         0         0         0         0         0         0         0         0         0       
  -1         0         0         0         0.45     -0.13      0         0.45      0.23      0         0         0         0         0         0         0         0         0       
   0         0         0         0         0         1         0         0         0         0         0         0         0         0         0         0         0         0       
   0         0         0         0         1         0         0         1         1         0         0         0         0         0         0         0         0         0       
   0         0         0        -1         0         0        -1         0         0         0         0         0         0         0         0         0         0         0       
   0         0         1         0.13     -0.19      0         0         0         0         0.08      0         0         0         0         0         0         0         0       
   0         1         0         0.45      0         0.19      0         0         0         0.45      0         0         0         0         0         0         0         0       
  -1         0         0         0         0.45      0.13      0         0         0         0         0.45      0.23      0         0         0         0         0         0       
   0         0         0         0         0         1         0         0         0         0         0         0         0         0         0         0         0         0       
   0         0         0         0         1         0         0         0         0         0         1         1         0         0         0         0         0         0       
   0         0         0        -1         0         0         0         0         0        -1         0         0         0         0         0         0         0         0       
   0         0         1        -0.13      0.19      0         0         0         0         0         0         0        -0.08      0         0         0         0         0       
   0         1         0         0.45      0        -0.19      0         0         0         0         0         0         0.45      0         0         0         0         0       
  -1         0         0         0         0.45     -0.13      0         0         0         0         0         0         0         0.45      0.23      0         0         0       
   0         0         0         0         0         1         0         0         0         0         0         0         0         0         0         0         0         0       
   0         0         0         0         1         0         0         0         0         0         0         0         0         1         1         0         0         0       
   0         0         0        -1         0         0         0         0         0         0         0         0        -1         0         0         0         0         0       
   0         0         1         0.13      0.19      0         0         0         0         0         0         0         0         0         0         0.08      0         0       
   0         1         0         0.45      0        -0.19      0         0         0         0         0         0         0         0         0         0.45      0         0       
  -1         0         0         0         0.45      0.13      0         0         0         0         0         0         0         0         0         0         0.45      0.23    
   0         0         0         0         0         1         0         0         0         0         0         0         0         0         0         0         0         0       
   0         0         0         0         1         0         0         0         0         0         0         0         0         0         0         0         1         1       
   0         0         0        -1         0         0         0         0         0         0         0         0         0         0         0        -1         0         0       

EFC_POS
   0       
   0       
   0       
   0       
   0       
   0       
   0       
   0       
   0       
   0       
   0       
   0       
  -0.89    
  -0.89    
  -0.89    
  -0.89    
  -0.004   
   0       
   0       
   0       
   0       
   0       
  -0.004   
   0       
   0       
   0       
   0       
   0       
  -0.004   
   0       
   0       
   0       
   0       
   0       
  -0.004   
   0       
   0       
   0       
   0       
   0       

EFC_MARGIN
   0       
   0       
   0       
   0       
   0       
   0       
   0       
   0       
   0       
   0       
   0       
   0       
   0       
   0       
   0       
   0       
   0.001   
   0       
   0       
   0       
   0       
   0       
   0.001   
   0       
   0       
   0       
   0       
   0       
   0.001   
   0       
   0       
   0       
   0       
   0       
   0.001   
   0       
   0       
   0       
   0       
   0       

EFC_FRICTIONLOSS
   0.2     
   0.2     
   0.2     
   0.2     
   0.2     
   0.2     
   0.2     
   0.2     
   0.2     
   0.2     
   0.2     
   0.2     
   0       
   0       
   0       
   0       
   0       
   0       
   0       
   0       
   0       
   0       
   0       
   0       
   0       
   0       
   0       
   0       
   0       
   0       
   0       
   0       
   0       
   0       
   0       
   0       
   0       
   0       
   0       
   0       

EFC_DIAGAPPROX
   33      
   32      
   81      
   33      
   32      
   81      
   33      
   32      
   81      
   33      
   32      
   81      
   81      
   81      
   81      
   81      
   2.1     
   0.021   
   0.021   
   34      
   1.3e+02 
   1.3e+02 
   2.1     
   0.021   
   0.021   
   34      
   1.3e+02 
   1.3e+02 
   2.1     
   0.021   
   0.021   
   34      
   1.3e+02 
   1.3e+02 
   2.1     
   0.021   
   0.021   
   34      
   1.3e+02 
   1.3e+02 

EFC_KBIP
   0         1.1e+02   0.9       0       
   0         1.1e+02   0.9       0       
   0         1.1e+02   0.9       0       
   0         1.1e+02   0.9       0       
   0         1.1e+02   0.9       0       
   0         1.1e+02   0.9       0       
   0         1.1e+02   0.9       0       
   0         1.1e+02   0.9       0       
   0         1.1e+02   0.9       0       
   0         1.1e+02   0.9       0       
   0         1.1e+02   0.9       0       
   0         1.1e+02   0.9       0       
   2.8e+03   1.1e+02   0.95      0       
   2.8e+03   1.1e+02   0.95      0       
   2.8e+03   1.1e+02   0.95      0       
   2.8e+03   1.1e+02   0.95      0       
   2.5e+03   1e+02     0.066    -20      
   0         1e+02     0.066    -20      
   0         1e+02     0.066    -20      
   0         1e+02     0.066    -20      
   0         1e+02     0.066    -20      
   0         1e+02     0.066    -20      
   2.5e+03   1e+02     0.066    -20      
   0         1e+02     0.066    -20      
   0         1e+02     0.066    -20      
   0         1e+02     0.066    -20      
   0         1e+02     0.066    -20      
   0         1e+02     0.066    -20      
   2.5e+03   1e+02     0.066    -20      
   0         1e+02     0.066    -20      
   0         1e+02     0.066    -20      
   0         1e+02     0.066    -20      
   0         1e+02     0.066    -20      
   0         1e+02     0.066    -20      
   2.5e+03   1e+02     0.066    -20      
   0         1e+02     0.066    -20      
   0         1e+02     0.066    -20      
   0         1e+02     0.066    -20      
   0         1e+02     0.066    -20      
   0         1e+02     0.066    -20      

EFC_D
   0.27    
   0.28    
   0.11    
   0.27    
   0.28    
   0.11    
   0.27    
   0.28    
   0.11    
   0.27    
   0.28    
   0.11    
   0.24    
   0.24    
   0.24    
   0.24    
   0.034   
   3.4     
   3.4     
   0.0021  
   0.00053 
   0.00053 
   0.034   
   3.4     
   3.4     
   0.0021  
   0.00053 
   0.00053 
   0.034   
   3.4     
   3.4     
   0.0021  
   0.00053 
   0.00053 
   0.034   
   3.4     
   3.4     
   0.0021  
   0.00053 
   0.00053 

EFC_R
   3.7     
   3.5     
   9       
   3.6     
   3.5     
   9       
   3.6     
   3.5     
   9       
   3.6     
   3.5     
   9       
   4.2     
   4.2     
   4.2     
   4.2     
   30      
   0.3     
   0.3     
   4.8e+02 
   1.9e+03 
   1.9e+03 
   30      
   0.3     
   0.3     
   4.8e+02 
   1.9e+03 
   1.9e+03 
   30      
   0.3     
   0.3     
   4.7e+02 
   1.9e+03 
   1.9e+03 
   30      
   0.3     
   0.3     
   4.7e+02 
   1.9e+03 
   1.9e+03 

ACTUATOR_VELOCITY
   0       
   0       
   0       
   0       
   0       
   0       
   0       
   0       
   0       
   0       
   0       
   0       

CVEL
   0         0         0         0         0         0       
   0         0         0         0         0         0       
   0         0         0         0         0         0       
   0         0         0         0         0         0       
   0         0         0         0         0         0       
   0         0         0         0         0         0       
   0         0         0         0         0         0       
   0         0         0         0         0         0       
   0         0         0         0         0         0       
   0         0         0         0         0         0       
   0         0         0         0         0         0       
   0         0         0         0         0         0       
   0         0         0         0         0         0       
   0         0         0         0         0         0       

CDOF_DOT
   0         0         0         0         0         0       
   0         0         0         0         0         0       
   0         0         0         0         0         0       
   0         0         0         0         0         0       
   0         0         0         0         0         0       
   0         0         0         0         0         0       
   0         0         0         0         0         0       
   0         0         0         0         0         0       
   0         0         0         0         0         0       
   0         0         0         0         0         0       
   0         0         0         0         0         0       
   0         0         0         0         0         0       
   0         0         0         0         0         0       
   0         0         0         0         0         0       
   0         0         0         0         0         0       
   0         0         0         0         0         0       
   0         0         0         0         0         0       
   0         0         0         0         0         0       

QFRC_BIAS
   0       
   0       
   1.3e+02 
   0.1     
  -0.07    
   0       
  -0.95    
   0.022   
  -0.0083  
   0.95    
   0.022   
  -0.0083  
  -0.94    
   0.022   
  -0.0083  
   0.95    
   0.022   
  -0.0083  

QFRC_PASSIVE
   0       
   0       
   0       
   0       
   0       
   0       
   0       
   0       
   0       
   0       
   0       
   0       
   0       
   0       
   0       
   0       
   0       
   0       

EFC_VEL
   0       
   0       
   0       
   0       
   0       
   0       
   0       
   0       
   0       
   0       
   0       
   0       
   0       
   0       
   0       
   0       
   0       
   0       
   0       
   0       
   0       
   0       
   0       
   0       
   0       
   0       
   0       
   0       
   0       
   0       
   0       
   0       
   0       
   0       
   0       
   0       
   0       
   0       
   0       
   0       

EFC_AREF
  -0       
  -0       
  -0       
  -0       
  -0       
  -0       
  -0       
  -0       
  -0       
  -0       
  -0       
  -0       
   2.3e+03 
   2.3e+03 
   2.3e+03 
   2.3e+03 
   0.83    
  -0       
  -0       
  -0       
  -0       
  -0       
   0.83    
  -0       
  -0       
  -0       
  -0       
  -0       
   0.83    
  -0       
  -0       
  -0       
  -0       
  -0       
   0.83    
  -0       
  -0       
  -0       
  -0       
  -0       

SUBTREE_LINVEL
   0         0         0       
   0         0         0       
   0         0         0       
   0         0         0       
   0         0         0       
   0         0         0       
   0         0         0       
   0         0         0       
   0         0         0       
   0         0         0       
   0         0         0       
   0         0         0       
   0         0         0       
   0         0         0       

SUBTREE_ANGMOM
   0         0         0       
   0         0         0       
   0         0         0       
   0         0         0       
   0         0         0       
   0         0         0       
   0         0         0       
   0         0         0       
   0         0         0       
   0         0         0       
   0         0         0       
   0         0         0       
   0         0         0       
   0         0         0       

ACTUATOR_FORCE
   0       
   0       
  -36      
   0       
   0       
  -36      
   0       
   0       
  -36      
   0       
   0       
  -36      

QFRC_ACTUATOR
   0       
   0       
   0       
   0       
   0       
   0       
   0       
   0       
  -36      
   0       
   0       
  -36      
   0       
   0       
  -36      
   0       
   0       
  -36      

QFRC_SMOOTH
   0       
   0       
  -1.3e+02 
  -0.1     
   0.07    
   0       
   0.95    
  -0.022   
  -36      
  -0.95    
  -0.022   
  -36      
   0.94    
  -0.022   
  -36      
  -0.95    
  -0.022   
  -36      

QACC_SMOOTH
   0.25    
   0.0012  
  -11      
   0.73    
   93      
   0.2     
  -31      
   7.3e+02 
  -2.9e+03 
   29      
   7.3e+02 
  -2.9e+03 
   39      
   7.3e+02 
  -2.9e+03 
  -40      
   7.3e+02 
  -2.9e+03 

EFC_B
  -31      
   7.3e+02 
  -2.9e+03 
   29      
   7.3e+02 
  -2.9e+03 
   39      
   7.3e+02 
  -2.9e+03 
  -40      
   7.3e+02 
  -2.9e+03 
   5.5e+02 
   5.5e+02 
   5.5e+02 
   5.5e+02 
  -27      
  -13      
  -3.1e+02 
   0.2     
  -2.1e+03 
   30      
  -27      
   13      
  -3.1e+02 
   0.2     
  -2.1e+03 
  -30      
   2.6     
   18      
  -3.1e+02 
   0.2     
  -2.1e+03 
  -39      
   2.7     
  -18      
  -3.1e+02 
   0.2     
  -2.1e+03 
   39      

EFC_FORCE
   0.2     
  -0.2     
   0.2     
  -0.2     
  -0.2     
   0.2     
  -0.2     
  -0.2     
   0.2     
   0.2     
  -0.2     
   0.2     
   0       
   0       
   0       
   0       
   8.1     
   0.36    
   6.4     
  -2.2e-06 
   0.0072  
  -0.00012 
   8.1     
  -0.35    
   6.4     
  -2.2e-06 
   0.0072  
   0.00012 
   7.2     
  -0.25    
   5.7     
  -1.9e-06 
   0.0063  
   8.8e-05 
   7.2     
   0.25    
   5.7     
  -1.9e-06 
   0.0063  
  -8.8e-05 

EFC_STATE
  2
  3
  2
  3
  3
  2
  3
  3
  2
  2
  3
  2
  0
  0
  0
  0
  4
  4
  4
  4
  4
  4
  4
  4
  4
  4
  4
  4
  4
  4
  4
  4
  4
  4
  4
  4
  4
  4
  4
  4

QFRC_CONSTRAINT
  -24      
   0.003   
   31      
   0.00079 
   11      
  -0.0003  
  -0.29    
   2.7     
   1.7     
   0.29    
   2.7     
   1.7     
  -0.89    
   2.4     
   1.5     
   0.89    
   2.4     
   1.5     

QFRC_INVERSE
   0       
   0       
   0       
   0       
   0       
   0       
   0       
   0       
   0       
   0       
   0       
   0       
   0       
   0       
   0       
   0       
   0       
   0       

CACC
   0         0         0         0         0         0       
   0         0         0         0         0         0       
   0         0         0         0         0         0       
   0         0         0         0         0         0       
   0         0         0         0         0         0       
   0         0         0         0         0         0       
   0         0         0         0         0         0       
   0         0         0         0         0         0       
   0         0         0         0         0         0       
   0         0         0         0         0         0       
   0         0         0         0         0         0       
   0         0         0         0         0         0       
   0         0         0         0         0         0       
   0         0         0         0         0         0       

CFRC_INT
   0         0         0         0         0         0       
   0         0         0         0         0         0       
   0         0         0         0         0         0       
   0         0         0         0         0         0       
   0         0         0         0         0         0       
   0         0         0         0         0         0       
   0         0         0         0         0         0       
   0         0         0         0         0         0       
   0         0         0         0         0         0       
   0         0         0         0         0         0       
   0         0         0         0         0         0       
   0         0         0         0         0         0       
   0         0         0         0         0         0       
   0         0         0         0         0         0       

CFRC_EXT
   0         0         0         0         0         0       
   0         0         0         0         0         0       
   0         0         0         0         0         0       
   0         0         0         0         0         0       
   0         0         0         0         0         0       
   0         0         0         0         0         0       
   0         0         0         0         0         0       
   0         0         0         0         0         0       
   0         0         0         0         0         0       
   0         0         0         0         0         0       
   0         0         0         0         0         0       
   0         0         0         0         0         0       
   0         0         0         0         0         0       
   0         0         0         0         0         0       

